1 0.7244002979431505 0.3958380104927998 0.14503361827193723 0.1525614003691403
1 0.3652366598835096 0.44454892736249435 0.19255707146044046 0.1976526573089707
1 0.5817801922228278 0.8589166062661484 0.19962594301173803 0.21367817550756812
1 0.5687257507929695 0.5880126233850114 0.1542514880142125 0.12044980721668566
1 0.6839579251486576 0.6623839628368383 0.15391065128862386 0.17337454811738695
1 0.7500432705806732 0.6939658274270929 0.17027927973732632 0.15885097316352947
1 0.8921676520815935 0.4037740191306732 0.17783283016686796 0.21383886181247735
1 0.8440012262555674 0.14913538634182136 0.1280984237898611 0.12656010487264702
1 0.5712929873368437 0.301313659782206 0.1555550384437538 0.17503717766703614
1 0.4902310950933314 0.2286457202380939 0.18244508706427265 0.1829893800110746
1 0.2016256184990798 0.268163307373569 0.21458920171816526 0.23176684145441176
1 0.06868032168758309 0.5565120134182353 0.13736064337516618 0.17447597316352947
1 0.3875698467908121 0.835545364747138 0.21673155585660825 0.2132171005537103
1 0.439187657735803 0.7123291078073077 0.20118844301173802 0.21377830505721712
1 0.1708436872459868 0.1572351017903281 0.17701395861557026 0.19821386181247735
1 0.9317568537997587 0.1832216872369854 0.11994508706427283 0.17898419802510182
1 0.5650762075995174 0.4496510302325566 0.19658283016686778 0.21504041640826924
1 0.33052190242027774 0.21552156385197402 0.1828545228399215 0.1908018800110746
1 0.5517838280191611 0.054942614128829205 0.1589323439616777 0.10988522825765841
1 0.13932485583592363 0.6100794995385747 0.19888231456303548 0.22920304595791857
1 0.08673315948702481 0.4002725053986708 0.17346631897404963 0.1998764913621267