1 0.7297059709111584 0.6974020473421945 0.11740235870696818 0.12752182757475125
1 0.4063918518240669 0.507594563538207 0.15786553262324468 0.1644000663159842
1 0.7938494535737718 0.22541522824843319 0.15215404349765968 0.2154619185677375
1 0.6618805064629717 0.46708468923034496 0.1406833498097196 0.08693640036914019
1 0.8029856675276671 0.4496339782484332 0.11985619665368966 0.14949695712440042
1 0.8801065830409867 0.4491216409560746 0.1454636917107738 0.1277616594684389
1 0.9112186494860242 0.7675106955518665 0.17756270102795177 0.17820175046142522
1 0.741151442773719 0.9533489508767081 0.1055735207602467 0.09330209824658375
1 0.5442605608350463 0.7166865661591006 0.12154603064607841 0.1527220866740498
1 0.43556865174751724 0.7455649329088235 0.14954369665368966 0.1513994185677376
1 0.17612337307860523 0.5933563810908089 0.17170253954332698 0.19801360271317883
1 0.1485462238397269 0.27990515036914027 0.1538491946765233 0.14232480721668547
1 0.5916993631555925 0.17895483111849542 0.1801862015966055 0.17673938001107467
1 0.5898569733454353 0.3058479981450735 0.163253369581383 0.18188795496493207
1 0.10003305836358833 0.6765310240586935 0.13793503460041107 0.17247338217054314
1 0.8650982787432742 0.951284605564785 0.1418585306460784 0.09743078887042991
1 0.5996908656642314 0.5854353685954241 0.15556820357377177 0.1845123072166855
1 0.2775359758540743 0.6918019779438913 0.14836319863085592 0.16067428901808825
1 0.41037894524517693 0.9377222975775197 0.12760502965749526 0.12455540484496055
1 0.25966013737588023 0.27222066316906673 0.1531435405319101 0.20149954811738685
1 0.1196293394667773 0.43077723550203056 0.13949753460041112 0.1725735117201923