1 0.36574072796318324 0.559949892302875 0.058204956584775314 0.07112088317182241
1 0.25166620460621825 0.675519898002858 0.05310827962517113 0.05673060124083733
1 0.2504483485754389 0.5298085602556741 0.05806856426490725 0.06643338317182242
1 0.548090226709542 0.5362835273162828 0.049755959092057725 0.048699579953513705
1 0.23336248548503064 0.6346981560486299 0.06087531551854841 0.055714404459146036
1 0.29396501636384303 0.5883587515894838 0.05779577962517113 0.057058383171822415
1 0.3051358485754389 0.5259844377275135 0.05784124373179385 0.058620883171822416
1 0.444047584389674 0.5482368601197882 0.048329851411925875 0.05327781930985207
1 0.5000331599373522 0.5801863466261349 0.054579851411925874 0.05371486188449896
1 0.12931148297774817 0.620143619173966 0.054716243731793845 0.05840236188449914
1 0.19537074049959555 0.6810157811746805 0.05650606426490725 0.0663241225281606
1 0.18258489865458122 0.5041472785767904 0.05306281551854845 0.05516810124083733
1 0.08594557937510904 0.5296168081619872 0.054807171945039215 0.06152736188449896
1 0.20015283188239147 0.5434611508528497 0.05650606426490725 0.06632412252816078