1 0.6485040805081198 0.42764644851631994 0.06134116431700996 0.06849673328249999
1 0.7512720377668712 0.3224160474901395 0.05558807178554268 0.054325130508958354
1 0.7678111101771139 0.4686370840592714 0.06098596680652087 0.06380923328249999
1 0.467301624699261 0.434347124143785 0.05187107593472771 0.04643989532659738
1 0.7740000653612729 0.3650581423798965 0.06328217261537965 0.05294446846486114
1 0.7178218429556745 0.4058636739150353 0.06027557178554268 0.05443423328249999
1 0.7131236101771139 0.46736421836795194 0.06039397095570589 0.05599673328249999
1 0.5708526771887719 0.43207806895729217 0.05066377344521662 0.05109102773541672
1 0.5110982462750224 0.3948131518792018 0.056913773445216795 0.05123649810013893
1 0.8803451537435553 0.3893697709889937 0.057268970955706065 0.05592399810013902
1 0.8074036385967082 0.32216278077263955 0.059423466806520865 0.0637728656913195
1 0.8388698939952928 0.500706008071216 0.05546967261538001 0.05276263050895835
1 0.9335428539533366 0.4841926149288202 0.057505769296031774 0.059048998100139014
1 0.8170415155710543 0.45964459697704924 0.059423466806520865 0.0637728656913195