1 0.45600712338008986 0.5116589467297699 0.17278648376465036 0.233213584022908
1 0.571889042209932 0.31921800274504186 0.15551716314779931 0.22832608935390813
1 0.3205640957806545 0.21314762671067983 0.1749841834403388 0.18012494668999893
1 0.3372359837712409 0.7353226187141797 0.18263304220663662 0.17084085335772628
1 0.47225804586667525 0.9203595953612261 0.15755122158978577 0.15928080927754779
1 0.6066071412369973 0.47902935475013253 0.16412850405718976 0.18468517735518084
1 0.33102253449929425 0.37502091804581605 0.1608125892845374 0.17371131468808992
1 0.06647661363756192 0.44846531934277234 0.13295322727512385 0.19693063868554467
1 0.04649930438479662 0.5943408933402269 0.09299860876959325 0.2074317866804538
1 0.21738931372358272 0.8863027686982713 0.15171032467404083 0.1892272266868172
1 0.017523096187691538 0.8565318106699543 0.035046192375383076 0.1786886213399086
1 0.13406748823217246 0.24301529801877186 0.1530546363624381 0.17674540802036268
1 0.8752466781719235 0.9305811220559974 0.13540348620028234 0.13883775588800518