1 0.46115358509452237 0.5406002079174991 0.1983112767345796 0.26409933063166624
1 0.60356431977282 0.3803154017442118 0.18264082493918146 0.25491982026407367
1 0.37079779244906524 0.217691096748703 0.19333288524403186 0.2136892275213885
1 0.3115252480550924 0.7323011094253697 0.19953743344863373 0.20642353166842575
1 0.41579861583612265 0.9247832609332404 0.17448289129415606 0.1504334781335192
1 0.6143376724285398 0.5438406595199062 0.1839669756031114 0.21443152130083298
1 0.35735239510478506 0.37909748845462893 0.1776533430895541 0.202947217153796
1 0.08122675322145383 0.388426804429861 0.16245350644290765 0.22372860885972196
1 0.051929617781030266 0.5241790852498147 0.10385923556206053 0.22648317049962935
1 0.1709133627128647 0.8520976166354164 0.17304765632127067 0.21659961404351832
1 0.18171711173090607 0.20427527130083298 0.17142152380771333 0.20552541300675892
1 0.8132185165000527 0.9832477462303235 0.15369769262201594 0.03350450753935306