1 0.44330552391758743 0.576833127249 0.19394067394668238 0.19478630093507637
1 0.31636012876877606 0.5057308077707676 0.21661289940087514 0.1855476563212708
1 0.18668911997478432 0.6689080395221991 0.18466126879593134 0.21503516842151918
1 0.0665746369587937 0.6908199218393647 0.1331492739175874 0.22436471662612104
1 0.3673478992316973 0.2828836602300956 0.15675966727872268 0.16021131303532482
1 0.21396767877847434 0.24863644613805733 0.17094971303635714 0.16185562626704142
1 0.40827527241977535 0.11631832894620227 0.20829021637033698 0.1792522045258726
1 0.6067927786286932 0.20027919672723254 0.16763326546195145 0.19775676483072288
1 0.4843122586248138 0.3040677929400446 0.17627494182452974 0.16969539734428024
1 0.6919336978642698 0.38172866374613695 0.16390248758216436 0.17118517447164328
1 0.5786211416456537 0.5549621515476927 0.18472517061270252 0.1775533491396782
1 0.8174928387610173 0.7089673537358743 0.18864739606689512 0.16820562021691715
1 0.8398286771114843 0.2535849621471306 0.17002494182452993 0.1696590359079618
1 0.4829893904377057 0.4446337056060271 0.1471295757634536 0.15703177088084708
1 0.10298263922975763 0.3359597050168519 0.150573311219586 0.19921927088084707
1 0.8361943966466235 0.5276946278381752 0.18580918061464188 0.22909766842151918
1 0.7228971711924307 0.5189832240509873 0.15535666394474265 0.1430238130353249
1 0.7058854011885514 0.6221582210259251 0.21514599425012407 0.2058419756031114
1 0.5680031507295094 0.7424348804704538 0.21192539940087513 0.18552038524403186
1 0.432288662398439 0.6830967627876194 0.15924693849054988 0.15241699375348397
1 0.3031591428536016 0.6674495577707675 0.166198311219586 0.19931017447164337
1 0.37752180087929055 0.7896149283804682 0.19097517061270253 0.17758971057599665
1 0.2125825849679955 0.849140440186129 0.1918360400077587 0.20726812021691715
1 0.25365425299562416 0.9199614794137403 0.17684902667183913 0.1384635780624393
1 0.5628857317837967 0.9103536334955159 0.18590503333979883 0.1728749394987581
1 0.41248711905670044 0.906543353146699 0.19448280788560607 0.18229539129415606
1 0.6895120046626141 0.9088360644100669 0.19540757909743345 0.1744919816532356
1 0.8375667384517567 0.8743969110156625 0.1255733112195859 0.1990738251355733
1 0.818989502874938 0.09753040486734241 0.16447657242947358 0.13995335518980254
1 0.2237407757537552 0.10021258167667677 0.16399808243141328 0.1914885841125637