1 0.44759389543867545 0.4527649660668155 0.2056434484924896 0.21524067550756776
1 0.5949632319529747 0.48498358805832575 0.225318219704317 0.208729859653009
1 0.6638401330208398 0.29541924274640263 0.19779899758410407 0.2333898982096719
1 0.7943883734779421 0.23546085671834835 0.1906242263722767 0.24070175046142533
1 0.6222917801265052 0.708199844998156 0.1652098960668953 0.176900066315984
1 0.7825436249757541 0.6980504942875622 0.18096244182452975 0.17946386181247737
1 0.6400219298172445 0.8758274359911425 0.21686799091614423 0.20041671190476223
1 0.41819472724186896 0.8514027251661143 0.17908094849248962 0.21353847316352947
1 0.5011662081560735 0.720071184449983 0.18628767061270252 0.18757675046142525
1 0.2731049810348908 0.7046710202011821 0.17378767061270253 0.18677571406423077
1 0.323486973618025 0.5107801202934672 0.19473789940087513 0.195889898209672
1 0.0689737852966529 0.432650616131414 0.1379475705933058 0.187176232262828
1 0.17358385784681277 0.8655701449704694 0.18003767061270248 0.1871762322628278
1 0.45459371028210543 0.5882914558877828 0.1571423045516262 0.1732744185677376
1 0.8592970567983442 0.585168564922483 0.1618934484924896 0.21243704811738695
1 0.09165419188487292 0.6076796969453676 0.18330838376974584 0.24599002775932136
1 0.19569707134221187 0.5850513301956448 0.16380689273291535 0.15971256631598418
1 0.1773612727096394 0.4825678778516063 0.22541381455356588 0.22894223010335982
1 0.26902209847309294 0.331374420108897 0.2221932197043169 0.20852960055371045
1 0.42144559680610294 0.3497808659745305 0.16756962152108806 0.1677253254152828
1 0.5519301933223419 0.3290852390457748 0.17764599425012406 0.2150008436138801
1 0.43713398287105854 0.2345563841731278 0.19955294515850958 0.19775278685861988
1 0.5768657757537552 0.13906101634367077 0.20251844849248962 0.21504041640826918
1 0.5116232840887049 0.09168656615910063 0.1798784318225902 0.128101620911776
1 0.21176706317644003 0.15728727559985292 0.20015872303829685 0.22421515730897057
1 0.36176693423848616 0.1284182032668891 0.20707840273485506 0.2137783050572172
1 0.09669972128671793 0.18463342072720587 0.19339944257343586 0.2452285641565158
1 0.015976073178379683 0.2850956932447398 0.031952146356759366 0.2045663864894797
1 0.2501307692064817 0.963429049197121 0.16664510818516848 0.07314190160575791
1 0.8243808254250977 0.839736148975639 0.17544576546195145 0.20708821406423078