2 0.659553526957024 0.29921205624803426 0.3361260168750409 0.1997304420993359
2 0.7443774163425851 0.43877751633944745 0.39866571161023073 0.29312087716935853
2 0.7756323616259291 0.5488588376795656 0.34906252649368774 0.2128126389561828
2 0.4350321873939775 0.385327300457066 0.3489385301218849 0.29860458974197107
2 0.402351118249351 0.5171059933849713 0.35376987386128267 0.25827068817039456
2 0.25358129075202207 0.4218577675777925 0.29543158420556886 0.2851927531003719
2 0.18432531534679336 0.5958988891655798 0.3099653101589518 0.25467049917143036
2 0.4701983279606651 0.6067634987616549 0.3804415012659444 0.26263285649119406
2 0.35365069030438434 0.7502481331697238 0.3390030241314351 0.37145989288512415
2 0.2536854066391204 0.7985829334173927 0.31258436787083294 0.32967049917143054
2 0.5358505766947207 0.8486192049241268 0.3085466538983496 0.21404549917143073
2 0.5826859150766409 0.6912219278358215 0.31454368275429 0.25176382299274813