2 0.3171064622874511 0.3880881566279563 0.33115388939893553 0.13653967337681613
2 0.2891562897178946 0.5534137119669106 0.38204645182646946 0.22454875071608865
2 0.3002209486616675 0.6698017806333652 0.34154925546001175 0.14914876137808886
2 0.5518003266815374 0.38926720659613967 0.3287619551604493 0.24109990404199805
2 0.6275811898676757 0.5033382499204582 0.3408156739466824 0.1975317173774526
2 0.7299094801652986 0.3582610125716408 0.27394690940281485 0.23890105736790748
2 0.8534272442501241 0.4999207065563687 0.2931455114997519 0.20323627737108918
2 0.5983556886597278 0.6147211925923216 0.3671230824314133 0.1947158000477252
2 0.7554822756330689 0.7098598752387316 0.3072693345574452 0.3220226400381801
2 0.8599798753141099 0.7203422945576413 0.28004024937178007 0.28430446403563464
2 0.6246781700329743 0.8701263079249125 0.2971295757634536 0.15955900270527082
2 0.5262092348764043 0.7367694626034574 0.298755719704317 0.19860332137172546