1 0.6487223504784387 0.638628767168414 0.2099483112195859 0.19956470452587266
1 0.49094128563500866 0.7720220083878153 0.22203372303829685 0.21369083703943
1 0.6458359507876994 0.804158318398078 0.19579021637033697 0.17917948165323558
1 0.14744650608823162 0.7348840601084585 0.1923462230382968 0.21351812021691713
1 0.15831971745759882 0.887218719749379 0.18807331121958598 0.19943743949875808
1 0.2840848630654521 0.9355840177575893 0.18507611485312828 0.12445562021691714
1 0.4016091369830395 0.3568555506404888 0.22700826546195146 0.19810219847574836
1 0.16882807213960954 0.48981245462406847 0.15943812818904785 0.19302381303532473
1 0.2736905285080069 0.6169249213483854 0.19292030788560605 0.18228630093507636
1 0.9532436554648609 0.6499445588319123 0.0935126890702783 0.1929874515990065
1 0.9520720383407687 0.48825762508869097 0.09585592331846264 0.17574540944452863
1 0.834055619854098 0.15400027887587892 0.20860895182646927 0.22142152380771335
1 0.7325571506088232 0.07766451697202224 0.1927291181871082 0.14167948165323566
1 0.6102197650029095 0.08085717378427225 0.17825203000581896 0.1556510780624395
1 0.48247688652399756 0.23785154146710666 0.18663835697722053 0.2009908491396783
1 0.1355865557595742 0.05388859016268789 0.1617981115191484 0.10714085518980251
1 0.22711996470334705 0.17077208401436783 0.17566916394474266 0.14314198770335987
1 0.3006056489418332 0.06656182786604775 0.17621129788366643 0.1306510780624395
1 0.9538900166698994 0.2734775076022483 0.09221996666020119 0.192805644417414
1 0.24491272683131865 0.35047776473252706 0.13890248758216436 0.1710397287263694
1 0.589218773217173 0.9410482225780494 0.20669602333785927 0.11790355484390105
1 0.7335906554891067 0.9225815863520588 0.15873675546001173 0.14616699375348433