1 0.813554101628764 0.2585877849260031 0.25667661905195943 0.23738286709365922
1 0.32936758538669525 0.19406465914994103 0.2306597560752678 0.25285333098930574
1 0.48593998920022674 0.07000096613514169 0.20000497840045348 0.13551129488495223
1 0.5072545494439966 0.6356350564942213 0.2401240361123346 0.210729463502863
1 0.7729093536124987 0.9487203428931623 0.21464783175849825 0.10255931421367528
1 0.8122619640573013 0.4452610831306051 0.2500446731356433 0.22640900565734068
1 0.3372074003549705 0.4409351139704013 0.21890380054030487 0.22935219847574828
1 0.10263399291324189 0.47862496974937896 0.18202384863353918 0.2916249394987579
1 0.3286806600584353 0.7783169393023662 0.18768851687504107 0.18542948165323558
1 0.5706226233979464 0.7726946949597069 0.22671630054030487 0.2293976502711466
1 0.7761136768486583 0.6403235982559156 0.2476290012659444 0.24670332493918146