1 0.3073741727800402 0.8403518591700397 0.22583743602799872 0.21015011606989872
1 0.78035659209895 0.7423793782414679 0.19327947469763487 0.23145237175194158
1 0.6810122147914942 0.9277359466295009 0.17828972668681722 0.1445281067409983
1 0.47227772605027046 0.3784809249156268 0.2130283533577261 0.18336942775829587
1 0.1060329186823629 0.11745232710967277 0.18959085335772613 0.18296032467404078
1 0.24906059142263226 0.6620262617678275 0.21946016669318064 0.19910352191409722
1 0.6932725734006787 0.5080941071381495 0.1852124360279987 0.20944100405718977
1 0.9154351906826811 0.3878300202859489 0.16912961863463777 0.2748750892845374
1 0.5941874466899989 0.18221167126217885 0.16128404002227176 0.1668444009729347
1 0.37023287336886196 0.26812803165332993 0.1945510733609078 0.20647964529089186
1 0.22018906206236077 0.4631251116056717 0.21192038669636223 0.22240465421934558