1 0.602230969585305 0.5836904417762842 0.25175500904511167 0.24775174145062523
1 0.47402300316781865 0.7669231287060064 0.2682807677515388 0.2653029173624308
1 0.6296522054518109 0.7453539871791314 0.23333920171816516 0.22391419794763898
1 0.13349650045428524 0.8474165946054164 0.24443383197589003 0.2569449034947226
1 0.17266081976701914 0.933898302052361 0.23451219810012067 0.12718466831236128
1 0.30519003675033235 0.9511013730064233 0.20582063206674714 0.08594141926229178
1 0.31333000113165377 0.39377983548736084 0.2675437833553711 0.2512404173624308
1 0.11210061454235092 0.6005604316113887 0.2023348631835545 0.22787434612402785
1 0.2362164659672604 0.6889663553389929 0.23194047602842477 0.22700283035645868
1 0.9040601424706551 0.4822493494519784 0.15060858887329473 0.2235492156150695
1 0.8926357208285005 0.3280164443417354 0.1809578301668676 0.20708906743868064
1 0.6924564156492607 0.09250892942718726 0.2525871687014785 0.18501785885437452
1 0.5805639252601992 0.0522482585493748 0.2169971494796016 0.1044965170987496
1 0.4645328115108178 0.07617737424069429 0.20843437697836437 0.15235474848138858
1 0.3692192322484612 0.2504649401607636 0.22963434757972223 0.24255509517409743
1 0.046352699570458684 0.18322942087781247 0.09270539914091737 0.15229115824437506
1 0.11062880427472854 0.2713093427055554 0.20481140999505118 0.18579594889756965
1 0.1633963574178033 0.14289274876572902 0.20448386137453226 0.1795459488975696
1 0.8496614060383223 0.12067737623746455 0.16894915309764613 0.21617312670923625
1 0.16033779794315048 0.43947680803628464 0.17594278154634874 0.20072996466513898
1 0.6012738206715303 0.8997330158644786 0.2308006999091429 0.17547669794763898
1 0.7351818311869799 0.8310713220009021 0.18910452283992144 0.18386977298576426