1 0.4641269211519086 0.45119041153326184 0.10603672359113006 0.13167164065150558
1 0.6485317253204107 0.13107134057453682 0.1898512176006804 0.20794645317271013
1 0.7849602986413884 0.11226179847175237 0.13930558057737183 0.19057541469812275
1 0.40242061715304267 0.11781740554281206 0.15525796279135698 0.20049605172143128
1 0.49218252159954634 0.11702374265878786 0.16414188947037936 0.18676093393541643
1 0.19315222224036782 0.43490324573883077 0.13369049763774732 0.16384922359113005
1 0.15975684656498662 0.7208779512737936 0.1421776094333124 0.22812997840045365
1 0.27136650227743464 0.4743079969199571 0.1289484339354164 0.16212303248413756
1 0.3965698881196169 0.37473952813815037 0.109216287293461 0.1333432680561674
1 0.357403205998299 0.4908109614405946 0.10932541469812271 0.1364682680561673
1 0.30874499510585857 0.3200644410221746 0.09646331614940155 0.1703521947351896
1 0.2362350780454831 0.29606643503172475 0.09677085099579186 0.13446925843752044
1 0.09072662668687152 0.44082091824150177 0.1316567716843644 0.1949900961864685
1 0.11514872941194394 0.5905654578972156 0.1385962524470707 0.1702629146981227
1 0.8035391399337154 0.31761149738329325 0.13747026206571747 0.18270835099579194
1 0.7132514458314979 0.2887722239696483 0.14204863466105594 0.17974704210278442
1 0.28313483757931196 0.6065475780454831 0.14657244355406326 0.1752232332097769
1 0.5738813778679979 0.5035391068166056 0.12969247840045367 0.13874009618646851