1 0.4411031190649067 0.49909976514576043 0.11954229534115868 0.13830358656782166
1 0.44739622116718475 0.14006950552711364 0.20965604025277607 0.22099209019601868
1 0.559678215174291 0.08842021469027353 0.15564356965141818 0.14268355172143132
1 0.21908975746323184 0.24010667794496668 0.17627033016686777 0.2089087524470707
1 0.2995075978068649 0.19908486306150946 0.18194712008095948 0.19818950725639412
1 0.18886783243017527 0.6076934820286507 0.14938692559888347 0.17209823320977707
1 0.30191895183376627 0.8699256419174499 0.1682055246489437 0.23358137023308564
1 0.27969755031799964 0.6069519267638404 0.14609815128862397 0.16886410580511538
1 0.3420005557450666 0.46354915634542027 0.12274918249628844 0.1399752139724834
1 0.36476526911033524 0.5817460848385411 0.12283106965141818 0.14153771397248321
1 0.2358733864777612 0.457495074586922 0.11509381275401323 0.17246033175849823
1 0.1577517085040286 0.46963792132154475 0.11181168249628844 0.13959326805616729
1 0.09928303200063396 0.6593526965492882 0.15250528154634874 0.20184029691210786
1 0.19721151967616207 0.7770436827542901 0.1559644742194025 0.17856648801910052
1 0.6806380891004377 0.2296131882814037 0.15661957146044045 0.1910664880191005
1 0.5842610560837509 0.24659730243922154 0.16114329715018094 0.18810517912609298
1 0.35620141734674143 0.7152852711362102 0.16402263568479167 0.1835268065307547
1 0.5665944419956852 0.494089861332229 0.14182673111680746 0.14687997840045347