1 0.3883752788758789 0.8554351045243973 0.08012383723582168 0.08197175287472191
1 0.7032679840891226 0.6229608144681468 0.07695338544042354 0.07388585080120365
1 0.2310692345801019 0.2575950524036107 0.07709883118569749 0.09888585080120356
1 0.33833839655871334 0.7105040218664808 0.08171360831306052 0.0867959539114814
1 0.5988476079202771 0.3912822960420359 0.07231133723582168 0.0812882476909258
1 0.5809480773750685 0.6700422830825452 0.06767837939029935 0.09025314458064812
1 0.5175309928697213 0.7753750405754157 0.09262383723582168 0.08306536116879606
1 0.301668601771957 0.4472719985393976 0.0817954215447771 0.10085845391148122
1 0.6931066680287357 0.48698435824759123 0.09121587334017515 0.10949116013203693
1 0.6177788942210223 0.2898660590015266 0.08336701190385654 0.10255765494824062
1 0.5189192134046672 0.3429042931673138 0.10064541549465282 0.11968636635259236