1 0.3218475709288248 0.16753887100965303 0.25367789561857335 0.29320971181534744
1 0.16479960055399598 0.21697256050482655 0.24076871865896918 0.27885627108590294
1 0.26169263558944345 0.3808369983844794 0.24679139812585582 0.27118924145062523
1 0.5970654974262105 0.5034088615103477 0.27790500580598765 0.2672290932742364
1 0.9033763672470435 0.6310312473376396 0.19324726550591292 0.33136302203583357
1 0.7536039685924623 0.7584444664680909 0.2245239415410804 0.20352896276527802
1 0.7549953208623179 0.6452723192416325 0.2767062186589692 0.2796927256830557
1 0.779324067959324 0.5154581858828826 0.27942204169936496 0.26570296086541684
1 0.46994803411101066 0.8033698810776393 0.25170621865896925 0.2791108442241669
1 0.3403765428864993 0.7238434223964239 0.1929844365265156 0.2465152433504862
1 0.41464545401098574 0.566304985751042 0.2651609648980454 0.31221428495361125
1 0.8147102678136747 0.9430843848773615 0.21627352084968265 0.11383123024527712
1 0.7147724522951261 0.8902762948794273 0.23646165188677948 0.2194474102411455
1 0.5919403575471179 0.9365778521079516 0.21806334138279587 0.12684429578409678
1 0.8764851906166438 0.8495260209889939 0.18627979546028897 0.23074477298576426