1 0.7404960757290497 0.5433256693932902 0.13541347316352947 0.1675933596955513
1 0.29503908313030547 0.3448562662744413 0.13783756631598418 0.15678319368794008
1 0.39564014652085416 0.8542564880998208 0.14230382325581453 0.20215936068413462
1 0.48392800971760747 0.1696294787082807 0.17058950956072394 0.18149403361182795
1 0.4371114574381675 0.5962065661607105 0.13172726866002266 0.18302735870696818
1 0.8297717219361369 0.6822833986330435 0.1433866594684389 0.1461003616727176
1 0.07731854796972858 0.7511248068063514 0.14755252775932123 0.18678902866891214
1 0.06354565854558826 0.48640573220550287 0.12709131709117652 0.17279019566510634
1 0.06865466070505659 0.24187448220550287 0.12806204811738686 0.1501511917107737
1 0.8839687800756731 0.1891727271882249 0.19366606415651583 0.2011353715585494
1 0.608063109966776 0.4941771980622023 0.14080188001107458 0.17872186068413445
1 0.5124490237541516 0.4419700523205462 0.11888730721668547 0.15289418973360736
1 0.48981136258766966 0.369646724753948 0.12547726866002265 0.18277269072219057
1 0.36543312384643667 0.4136752504571105 0.15376295496493214 0.16210736364988404
1 0.3373105189737896 0.5363779214076376 0.13208821406423077 0.16434102570316256
1 0.18152039636397063 0.49909012152136845 0.12221256631598414 0.1561465237259963
1 0.20187007403100682 0.3517694525480076 0.12417558451458141 0.1624601907221906
1 0.30453970080287895 0.11148535076112172 0.13028588217054296 0.13621602570316255
1 0.9185371398855657 0.34282696779668476 0.1234746776670363 0.1515226907221905
1 0.9036073450073813 0.5514843847928791 0.1219121776670363 0.1514590237259963
1 0.5233040715669967 0.8319119614080751 0.13853847316352946 0.16772069368794007
1 0.2926245704872625 0.8202727603429423 0.12886308451458142 0.1626511917107738
1 0.19180916332595022 0.10750745798521508 0.12443640036914028 0.14221135771838495