1 0.29228158847705377 0.42821477543567543 0.2847876517837136 0.30521415467194846
1 0.6241725166423867 0.3760678087292336 0.28297968993316047 0.2910788800648426
1 0.7591206664008008 0.6500232313932595 0.28018197240056464 0.3096833308506309
1 0.5072502491925164 0.5899377177444082 0.27314103977100485 0.2640797324222074
1 0.3301893226520365 0.8503230618296055 0.2529103603878557 0.26782116252983135
1 0.5380057767919518 0.8851389017809735 0.25779668344033874 0.18998726095825483
1 0.7672023530908456 0.9025660345364125 0.20993983603812652 0.13155402274507894
1 0.1079998660731939 0.6447602282883783 0.2159997321463878 0.2792295434232434
1 0.28681638717651226 0.15993781038186344 0.2751671899331606 0.2907150070293133
1 0.5975356988649094 0.15795566356779783 0.2841876339268062 0.27083915467194847
1 0.8808373482162863 0.25092429777097885 0.2327615016215578 0.27625009263745515
1 0.26274941599046836 0.027266667287342273 0.25262616801906324 0.054533334574684546
1 0.11602551034978828 0.3545889925564019 0.23205102069957656 0.28584341645877276
1 0.39295019562179395 0.69830248945603 0.2540092102256999 0.24133143713693705
1 0.8454747723244296 0.39854631452020184 0.2989046988616142 0.3089941261359012
1 0.4287584253259592 0.16737782113523042 0.2529103603878557 0.26782116252983135
1 0.7587283433450225 0.09322974958796984 0.23907395697928918 0.18645949917593968
1 0.43550507751670986 0.06214462737875548 0.24148984496658024 0.12428925475751096
1 0.698781409907979 0.752752279159729 0.2540364837646504 0.24289393713693705