1 0.3782770024685419 0.31195915544061514 0.20316528685347243 0.21932331121958598
1 0.10005008500920198 0.7002075519665524 0.1731881525447919 0.2714598960668953
1 0.5581191177786118 0.7747467136160854 0.2216607137152085 0.20991636031120037
1 0.9408834924005557 0.4595375911769134 0.11823301519888858 0.23233375212603188
1 0.8642839715989933 0.11269260801599064 0.20356533035645868 0.22538521603198128
1 0.7680252610179167 0.06722847013911304 0.21646406743868063 0.13445694027822608
1 0.5979959693178826 0.6047691824023184 0.23216310904180587 0.2591191348570076
1 0.44023998033579925 0.7209676225598581 0.20959712480937523 0.22764599425012405
1 0.08976916128159793 0.8301979409064458 0.14564372758291683 0.22710411818710838
1 0.25181968597979176 0.12503272453610886 0.19193684612402792 0.2059304909161442
1 0.499296057655035 0.19797679058748682 0.2301278303564585 0.23867908909937308