1 0.20296907826916621 0.5588279688253195 0.14622430262104177 0.18338021857321785
1 0.7112718875397217 0.6068923083372142 0.14753222948277803 0.17255197921687965
1 0.38971385058934016 0.16732280188092635 0.15632665444465293 0.2152857824351883
1 0.6115037044097216 0.8252820393956792 0.18096297853284735 0.20140895273377596
1 0.465272322569583 0.4175356053513366 0.14342661094166687 0.1972241972858944
1 0.0667114552627429 0.4580963592866089 0.1334229105254858 0.16306771857321783
1 0.7348633496394097 0.16485227380833894 0.16068684612402784 0.20155106436617354
1 0.8764468651226387 0.402466524312542 0.15886977298576427 0.19050430372251181
1 0.9447019833794092 0.6302580245646435 0.08797539152687506 0.1605875747577336
1 0.22585453229763813 0.9082602502521017 0.204509581306389 0.18347949949579673
1 0.34997136483829816 0.5636297193295225 0.15272887575930572 0.19475476114786475
1 0.462979857904444 0.5832698659949983 0.1286731267092362 0.1665533514929388
1 0.5171575584175342 0.6426173688449899 0.1387027433504862 0.19533391535490913
1 0.6144520921368746 0.5641260181083558 0.16333906743868062 0.18145708565349708
1 0.5859660290665969 0.44319080523512105 0.14299019984750014 0.1784741972858944
1 0.7490479105254858 0.42955391217594147 0.13187086189159736 0.16989687278026225
1 0.7958293787060065 0.571331502773117 0.135104964665139 0.1748028940675857
1 0.8063622627303466 0.8248224895315651 0.13924695079743046 0.15169317599857096
1 0.12304061645381878 0.798950588251387 0.1380117591180557 0.16564641535490932
1 0.05646297986402756 0.6012454257464694 0.11292595972805512 0.1649908514929388
1 0.2795562941685762 0.22691668714643579 0.1493129350298613 0.18203623986054138
1 0.501614438545243 0.1673224379027404 0.13982883225631965 0.17669317599857096
1 0.9142845187142703 0.794025593622394 0.13310605357097244 0.15594363342392406