1 0.9076191390813682 0.3558767396733089 0.177091662970653 0.2074887322628281
1 0.7765056469738759 0.36663137184385186 0.17222215244730918 0.20406334361388004
1 0.37175244461127127 0.11091021553156111 0.17818372611071523 0.22182043106312221
1 0.5161625972703421 0.08813524714839369 0.16955217875566858 0.17627049429678737
1 0.6537158051769673 0.06675744525193725 0.15772003669052861 0.1335148905038745
1 0.3019746257860142 0.5397589026854921 0.16744364718563745 0.20220045496493205
1 0.35267403384793117 0.3600726002491686 0.1457506577089811 0.20392364126984167
1 0.1224250917263215 0.3920792735972681 0.17985264192396558 0.2014389913621267
1 0.9022902281062667 0.8298544602159446 0.17396666297065266 0.2072884731635291
1 0.8557730019249643 0.690901384182353 0.20400277346576204 0.2419033050572171
1 0.4961697597468849 0.7907940692506449 0.17414867349399668 0.21041347316352949
1 0.20281460189672934 0.7625431654854186 0.15659715244730926 0.20306204811738696
1 0.49593964448421435 0.23483516348283376 0.14540204721387226 0.17121127081949092
1 0.5937246971009328 0.24425213140457586 0.14025952090551302 0.16309838217054295
1 0.7280945939336344 0.80102496067737 0.18701269454068398 0.21746450956072394
1 0.6222163202561111 0.8007524552786991 0.1418976156156063 0.19122338217054313
1 0.3497729018826119 0.7680248025932069 0.2089786998023559 0.22042882325581453
1 0.13121480475344421 0.5295292088224434 0.146888952503779 0.14328652991878954
1 0.22154804728445948 0.07944361967977094 0.13437354195220044 0.15888723935954188
1 0.29065363403145783 0.17035806061277153 0.18332625241907435 0.23435162091177597
1 0.1231923892225425 0.25715356107419685 0.18168815770898114 0.20622662091177596
1 0.7979949681476202 0.2374352251753394 0.19860264192396554 0.20264054595791858
1 0.7481707314429741 0.10689753547434393 0.1678832629424182 0.21379507094868785
1 0.9399795288686079 0.21038496453488129 0.12004094226278425 0.2176857526208936
1 0.7480192280356794 0.9142363595053506 0.13919827886860786 0.09142364126984148