1 0.6496006627992061 0.19684303483615154 0.21345240870767307 0.2182626945406841
1 0.8423883635248457 0.16846188765051412 0.19864586424263564 0.24079014192396558
1 0.24496772650153703 0.21885089760916046 0.20111609981466555 0.22222215244730928
1 0.12049351615725082 0.2557278132812365 0.18716272721932725 0.22452810509226265
1 0.7565798051799923 0.3707139033649425 0.22306551088459123 0.2702802208490433
1 0.4580257101746502 0.5923738846667423 0.2191220553496283 0.24666071032569956
1 0.5476883777831799 0.8155923058122518 0.188869070958725 0.1840851156156063
1 0.6253719228811893 0.712050805882839 0.19399308057737183 0.19685813140062186
1 0.17719486162592907 0.5744253343985111 0.17398811542376214 0.15982856826055958
1 0.7709076560909661 0.5632353323323726 0.1521131154237622 0.15855449459715382
1 0.911187915709613 0.5425903614127421 0.1419395072563944 0.1797924577654509
1 0.39194929847175236 0.7654088372411085 0.18234625244707078 0.175908594568919