1 0.7171875 0.8445759893698629 0.225 0.2812946731356433
1 0.86953125 0.7795834503471213 0.2125 0.2699206635169965
1 0.7609375 0.6250100230351268 0.2203125 0.2592559820286507
1 0.41875 0.5333730722246693 0.2546875 0.2526438834799295
1 0.09140625 0.43678572658635506 0.1828125 0.32357145317271013
1 0.24375 0.2928869375636135 0.2078125 0.19006947241000383
1 0.2515625 0.4064410060752678 0.2515625 0.26503475607526783
1 0.23671875 0.5379539009031247 0.25625 0.25113594718226045
1 0.521875 0.22134927657850584 0.2234375 0.26717760943331237
1 0.65703125 0.28856903683012486 0.1671875 0.24021331614940156
1 0.5953125 0.45360127058805605 0.2328125 0.3018799916472975
1 0.16328125 0.08304565689357443 0.1984375 0.1616170901960187
1 0.271875 0.1477753342055689 0.215625 0.22627979092165812
1 0.38671875 0.08225451632688681 0.2046875 0.1446478450053421
1 0.11484375 0.21338543212131791 0.1625 0.22442462504240898