1 0.6341286734925953 0.4795374546405048 0.09989730024766903 0.10398882096198285
1 0.4110572005809005 0.42502644695975855 0.10276974317557439 0.1322048262236546
1 0.5353701499189467 0.37978110737016274 0.08078342721213971 0.09508425782192056
1 0.44465956679200425 0.29224403903901586 0.08717897642635145 0.09857327886860805
1 0.6469155796122859 0.2554552125330125 0.07111732878371627 0.08828822625188959
1 0.6993620293646168 0.357214404584035 0.11530397642635144 0.10021137357870132
1 0.4944710523190928 0.6860465179217413 0.10262419396136266 0.1290798262236546
1 0.38573821526320895 0.5817923864505323 0.10095037799792798 0.09314232622365459
1 0.2479321542621729 0.5298974155309016 0.10582196856846862 0.13082433674699842
1 0.19714024979511222 0.4094337261107152 0.10563787799792804 0.09341534200867016
1 0.3139467601341944 0.4076198681052679 0.09982452564056317 0.10242632096198286
1 0.27889524814248234 0.7565278049652058 0.0927397717116218 0.11759629465362345
1 0.31725788896069196 0.6224559128294787 0.10011562406898662 0.10867632096198285
1 0.4109800020714238 0.7798882522073128 0.09640842721213971 0.09599431043863901
1 0.5685934489282707 0.7765342810053337 0.0843450748547749 0.1046412683452644
1 0.6848884987616549 0.5334128835373477 0.08078342721213971 0.09508425782192056
1 0.3321809915229446 0.23477390230613496 0.09648120181924558 0.0975568104386391
1 0.3314233203066609 0.1501258865211194 0.10414815260503385 0.09488683674699834
1 0.4591287892894142 0.18341507060904694 0.09877144789030404 0.11327281570031093
1 0.5850770132345664 0.13669823628112301 0.08365587014004525 0.12330026308359247
1 0.2130543099675787 0.15184873926489478 0.08837760339082212 0.09085178413027983
1 0.1868684915229446 0.22631041297065296 0.0997517510334573 0.10086382096198276
1 0.5164019418944481 0.09744674950588982 0.0921575748547749 0.10509629465362355
1 0.6629687268406362 0.0957994914722077 0.09128427956950454 0.08634629465362353
1 0.709274338503626 0.1948509124765428 0.08605312406898662 0.10785727360693617
1 0.24612786745395804 0.3331666286991988 0.09513702564056317 0.10215330517696727
1 0.49450109326113695 0.5003897389825461 0.0896147717116218 0.1174142841302798
1 0.21046423346017398 0.5943015497741211 0.12020980024766903 0.10517188936371688
1 0.25664379818075445 0.1073853786991988 0.08994010339082212 0.0909427893919517
1 0.399524811001036 0.06713835224966522 0.09619010339082212 0.09130681043863909
1 0.13278676716350776 0.12602271565795864 0.10502144789030417 0.11363683674699834
1 0.15822772291169476 0.050734289321364534 0.09709763192686945 0.07733531570031096
1 0.20879891791102403 0.7814298234516445 0.09750004631872758 0.11943181043863901
1 0.21520092928356355 0.6776145787133162 0.1187200748547749 0.10664338410204514
1 0.19122612014455437 0.8391590234657619 0.09448205417661044 0.08809080517696728
1 0.41262808519836625 0.8622380206231643 0.0981892510334573 0.10077281570031076
1 0.30995900351916583 0.8296236707219865 0.10222177956950454 0.08698333148532669
1 0.5483665320552131 0.8576099757577793 0.10592897642635143 0.09966534200867017
1 0.6755497702683889 0.8180153966915272 0.09066784946188075 0.1065677893919517
1 0.6223563037668349 0.7491142072713407 0.09230312406898662 0.10822129465362344
1 0.5754706492997742 0.6288780310053338 0.10251287799792799 0.0932333314853265
1 0.6628229460327866 0.6707840809206291 0.08220037799792798 0.09205026308359247
1 0.26191745575269626 0.8855782681335029 0.10549232878371625 0.09029034200867017