1 0.7985813937948002 0.8253004391187698 0.12159342531467203 0.14968074879205204
1 0.8593511052027363 0.7153512253335066 0.11079763527271566 0.1301654742462448
1 0.15292593568763435 0.13282795970237724 0.1777268713752687 0.2551971672787226
1 0.46797001122137677 0.7657033300155173 0.13501730788809568 0.18338606909549374
1 0.6227955307179013 0.5547333633553162 0.11906042116548718 0.15723815727678297
1 0.5210554319626567 0.5440991391090714 0.11129454274124875 0.11623052000387943
1 0.350719621174776 0.5503816057692725 0.14631000539858477 0.18896638939893542
1 0.38709298382746776 0.436111682740674 0.1250503120372805 0.1748082945496865
1 0.16192704046616355 0.4053088665201182 0.1401784045687478 0.19001870636839727
1 0.40327040041956286 0.2192588936509993 0.15251338382282337 0.2298464809142046
1 0.2719728562284217 0.1976713228885156 0.1655336020792369 0.19674693849054994
1 0.6536624093426326 0.31656355472080405 0.14749399710021507 0.2045913893989356
1 0.5356102263542906 0.2750939186558485 0.16198347220510562 0.2523592097023773
1 0.23152210312814403 0.6679840807644234 0.11785311867597636 0.16179811151914833
1 0.7726295873565971 0.5545415289670489 0.11832671535662839 0.16804811151914834
1 0.8283924900512452 0.4604883821512475 0.1280336020792369 0.19368584030732094
1 0.7365951537435551 0.42737325108726176 0.12116829544054113 0.20554811151914834
1 0.9306089533332811 0.6311035132152334 0.11894202199532415 0.1556756572767828
1 0.5741976230488758 0.8458050313829449 0.12474173610255282 0.12975088606495574
1 0.3440239483589036 0.7796546465259373 0.13018809793005195 0.20162588606495557
1 0.17567299959901467 0.5764663893989355 0.12062292116548727 0.1573657030344174
1 0.9492475964801594 0.7346429724585686 0.1015048070396812 0.17350088606495576