1 0.7074197925618325 0.6272844379012703 0.21800473010335963 0.21138533360249454
1 0.874796148209672 0.19475613027006283 0.2340092643410859 0.2662910219140972
1 0.3880669062292364 0.2104518993480816 0.23459145280546378 0.20231034253094826
1 0.10707983111849542 0.5871511724832901 0.15348115514950225 0.22742734496658024
1 0.3005432410483596 0.8996648092527654 0.21770434145441175 0.2006703814944693
1 0.41295240591546933 0.9357347228076016 0.22413601172019232 0.12853055438479685
1 0.40220615669066173 0.3823814464259823 0.25019546884459276 0.2509660308425509
1 0.5188255528977489 0.24160821631148463 0.2247553778516064 0.21930692775829588
1 0.8520316718069401 0.09525100811108426 0.21343834361388012 0.1644830600635442
1 0.8892576827519398 0.7857532771858077 0.20470369370616517 0.19866714529089186
1 0.6261371190568494 0.7593099594116257 0.2457687846991515 0.23059898376465035