2 0.7570940362670056 0.6214893271254173 0.33070251038216936 0.15905422378319473
2 0.5104843467762319 0.6336938139232989 0.3203712261107151 0.2227894154625698
2 0.32578312308459106 0.6371967543684031 0.27386024715740265 0.2279483877271531
2 0.2465521074407499 0.4824352127652779 0.3258931840173404 0.21043488582729192
2 0.44906245741251505 0.5167959482319795 0.3237090577372159 0.17293488582729194
2 0.7886640127306566 0.4669661344961117 0.38910581555913665 0.2509157218833337
2 0.8037136181052679 0.35028778077263956 0.3281081314006219 0.19488262100965298
2 0.5292680839749881 0.25963937129399345 0.32194913666229363 0.19629965064493077
2 0.5094322680629156 0.3879091884483337 0.30935813140062185 0.19444620991548636
2 0.3226764497317688 0.28915929787138916 0.3050486049510884 0.3347802691860419
2 0.2099034339467532 0.281853331306389 0.26296752076433877 0.30883471181534744
2 0.4546713604245216 0.11746874866881982 0.27694047355046647 0.14688022568305578
2 0.678396557737216 0.18119032902527832 0.2768634207925736 0.279510887727153