1 0.7898188579977321 0.7239924305924716 0.14306549763774717 0.16818640036914018
1 0.8225272089935238 0.5945447624861594 0.12985616950744613 0.14707286397194572
1 0.06974701560909662 0.2608559592838688 0.13949403121819323 0.2779619185677376
1 0.4668600184346855 0.7792471229143608 0.16139883538669525 0.20210032541528272
1 0.5653074752355927 0.5162045072443722 0.14172125244707062 0.17433627081949082
1 0.4673412011889756 0.5412464751661142 0.12785715988879928 0.13447273442229637
1 0.3092533934770945 0.6062835849760068 0.17411709019601868 0.20915136181247734
1 0.3175520215147284 0.48075265885013 0.15169645317271013 0.19212454811738694
1 0.09979903712382501 0.5278722809985237 0.16792165389834954 0.21031334361388013
1 0.28456593984104817 0.2593992905592477 0.1864186827542901 0.24891476866002266
1 0.15688488394326566 0.2833200470376527 0.19324903611233468 0.22129041640826924
1 0.5418427265015371 0.268839351476561 0.17784229092165801 0.22653912091177605
1 0.4212574079898828 0.2689418761535633 0.20129963828925296 0.2732534346068666
1 0.22308273658352004 0.7644081631690668 0.1418303798517324 0.17746127081949084
1 0.705716709626496 0.464128472388337 0.1436656983633867 0.1853739003691402
1 0.7370436098966484 0.35181823950720015 0.1570387176006804 0.21117493676633484
1 0.6439111687896559 0.35054803130306555 0.15267859981466553 0.22024954811738687
1 0.8709597637101801 0.48567970465116506 0.14010418874473984 0.17267364126984167
1 0.5843550532810757 0.8227944686877093 0.1424107332097769 0.1494364003691402
1 0.35368540663912035 0.836200424889259 0.16038197241000382 0.21762519586563336
1 0.15042897578374687 0.6924144447858993 0.1432837524470707 0.17443640036914018
1 0.9163144145284867 0.577064970690294 0.13757938947037934 0.18966088217054294