1 0.8081080132021183 0.27567471114689446 0.1829255220358334 0.21247026206571756
1 0.6931382830537502 0.3333284653232457 0.17812891926229177 0.20761907095872498
1 0.21717388867708354 0.24176838166583098 0.18485169794763906 0.2281498257680484
1 0.3322157007974306 0.15367315934064515 0.17514938962701407 0.21375994355406328
1 0.44707632817225706 0.09133190516429392 0.15977765634451407 0.15701887023308558
1 0.3355687045002436 0.6666543089778255 0.1733686840799308 0.2043303798517325
1 0.3062773287409379 0.4814062897405318 0.15153005167111128 0.20512898801910034
1 0.11064013326184079 0.5947891995445131 0.1843061840799307 0.2047123257680486
1 0.9567461881639933 0.7152059810171604 0.08650762367201352 0.20817957694917483
1 0.8986690433123613 0.606046746626257 0.20266191337527745 0.24464784500534212
1 0.618020794640348 0.8287376798438831 0.17983688962701408 0.21392363466105593
1 0.3396613649288202 0.9034065141538932 0.1624675516711113 0.19318697169221366
1 0.38276382750666693 0.3131225704105708 0.15080269984750014 0.17387898801910043
1 0.47580465947864603 0.28592764255042213 0.14437086189159737 0.1658482332097771
1 0.8325177461033686 0.7542635026167067 0.19248235999173638 0.22061014427970277
1 0.7366064872696534 0.7922868030721937 0.14655161094166685 0.19246529691210804
1 0.4759248668286813 0.8612451010806099 0.21443009517409733 0.2244990361123346
1 0.1767762391695145 0.7196552794889127 0.15018445079743067 0.14731648801910033
1 0.07015407152274328 0.2639558617955651 0.1320163322563196 0.17166172359113024
1 0.16999172378319471 0.327549625042409 0.18975740349472242 0.23768851687504106
1 0.0780614097629865 0.46953373920022673 0.13910278685347238 0.20781747840045348
1 0.6581612581681251 0.20564740942546317 0.20312891926229176 0.2084920901960187
1 0.5529814892664237 0.11376495507162669 0.17471297853284734 0.19500994355406326
1 0.8023093420399654 0.12715536559339818 0.1827436840799308 0.20465776206571756
1 0.911062933033091 0.8756598421797532 0.14546058320625016 0.14559029691210804