2 0.7076327112701357 0.5884388612349136 0.3312907670887588 0.16629989871099796
2 0.4599848214575502 0.617874011935094 0.3206547954602888 0.23021694804263432
2 0.2751779124446348 0.6348631592934564 0.27387072367353416 0.2327965080362711
2 0.2037839487337235 0.48496370397041044 0.32497858260730733 0.2177714920432708
2 0.4054684691876947 0.5052654712762754 0.3238874440483631 0.1802714920432706
2 0.7481166219324039 0.43177069056336836 0.38861518527287425 0.2575612453850885
2 0.7687366619824163 0.3136019458943685 0.32916597743445786 0.20063853604390705
2 0.4982854211536164 0.24099333859804864 0.3213989415410804 0.20211012937617986
2 0.47185565030393384 0.37094446793445757 0.3088534774344579 0.20040217870781624
2 0.29004937232811534 0.2848086152928201 0.30664978292387646 0.33939195337363454
2 0.17757210438142668 0.28533642130809206 0.26217235721791354 0.31388287603436205
2 0.43119251253641233 0.10432058927436634 0.27623955423577745 0.15316355203690737
2 0.6523711790711751 0.15251099924414047 0.27693353919208263 0.2843771893698165