1 0.546192489037236 0.6478811957382378 0.1395077638537389 0.1545913893989354
1 0.7931744968951189 0.5963514202743468 0.14488446856846854 0.13635157242947357
1 0.4855031222069598 0.2709199540731876 0.1621832845319034 0.17356453000581898
1 0.4267874017764643 0.357271784378569 0.13511136228216233 0.1604587521260319
1 0.4008604867654337 0.07514403696364286 0.15535108767505648 0.15028807392728571
1 0.5131978209258334 0.08490985537057369 0.15055657981717357 0.16981971074114738
1 0.08713193465573782 0.20384273499709052 0.16174663688926819 0.16418953000581898
1 0.20404999255189268 0.8114801496907393 0.1339469685684686 0.13545875212603206
1 0.3331082539244322 0.9052465119587936 0.11476032092583344 0.12455320303441723
1 0.0861432468951189 0.654065875603974 0.09895553846084475 0.15283769970043756
1 0.7247904081866052 0.3572568404280073 0.12929800992479734 0.16932356909549373
1 0.9638442919755015 0.5606696564793852 0.07231141604899705 0.16272288273097574
1 0.6407451637681764 0.6911372460378002 0.13834337014004525 0.1295913893989354
1 0.6080353635205074 0.5949955696752219 0.1472089478903042 0.11941916394474283