1 0.38493999460141526 0.20365803516057687 0.14706702199532423 0.15558627081949092
1 0.4974623827739162 0.28309281615910065 0.11884693361304191 0.13200906847545255
1 0.7124459975012003 0.41933640653377824 0.12810353444287906 0.1310473457733483
1 0.3905682296550609 0.554148190928388 0.12535704274124865 0.11532221622369895
1 0.5951032869184567 0.48639589373385184 0.12405465186945541 0.09813471622369896
1 0.2152614989510928 0.48482079271871603 0.08712333693238979 0.12375647748246603
1 0.521281742927808 0.7768416185954242 0.10890324855010754 0.10338342072720579
1 0.2764778057902813 0.7854902236249547 0.0919525468904336 0.10540699568106326
1 0.19856629334272663 0.7569461165928393 0.09711364357108562 0.11195738433001132
1 0.4151394093194106 0.7064511705703224 0.0919525468904336 0.10540699568106326
1 0.6905654618089215 0.7288115360834275 0.10203794191141177 0.11538277297895938
1 0.7435515196970173 0.5579273395994852 0.1518011435710857 0.1154619185677376
1 0.46465507986019794 0.6538861775101527 0.10710395020978147 0.10015829117755662
1 0.20094869998606685 0.5804639597452941 0.10767263527271584 0.12818316162790727
1 0.6638109398135973 0.8746852405869344 0.11444285352912935 0.0944089389258032
1 0.49248869501168935 0.4005306400332239 0.13385662697434614 0.14541023442229636
1 0.28700828961774905 0.37715728947951355 0.1371233369323898 0.12696062307124426