1 0.6588452975172309 0.4843159599021766 0.09588519262201593 0.10398882096198285
1 0.43512145120622286 0.42208345748310216 0.09761131908544911 0.1322048262236546
1 0.5582816952542945 0.3816166231551783 0.07708974082661797 0.09508425782192056
1 0.4663800206844554 0.2911365653473751 0.08335792154477702 0.09857327886860805
1 0.6677061713483854 0.2622512441030436 0.06767837939029935 0.0882882262518895
1 0.7221942043294808 0.3653909256307224 0.11148292154477701 0.10021137357870132
1 0.5241304508134395 0.6865547521367258 0.09759313836728971 0.1290798262236546
1 0.4133833274732643 0.5785763811888603 0.09738406010845857 0.09314232622365459
1 0.2748202763417961 0.5220849155309016 0.10072722872636941 0.13082433674699842
1 0.2210044090517452 0.4002407366340589 0.10207156010845857 0.09341534200867016
1 0.3389413427949665 0.40164288389028346 0.09587610226293633 0.10242632096198286
1 0.3097275832288009 0.7498227786568465 0.08815450585373252 0.11759629465362345
1 0.345660017168414 0.6168051523061349 0.09591246369925477 0.10867632096198285
1 0.4410957578968359 0.7777797206372818 0.09271474082661779 0.09599431043863901
1 0.5996440561014378 0.7792042546969744 0.08026928298109545 0.1046412683452644
1 0.7107214149054777 0.5412253835373477 0.07708974082661797 0.09508425782192056
1 0.35278515329620863 0.23063243387616605 0.09272383118569749 0.0975568104386391
1 0.3507272287263694 0.14538517861449418 0.10051815046753827 0.09488683674699834
1 0.4798061955488821 0.18258061270242174 0.09437723477649378 0.11327281570031093
1 0.6045198492378743 0.14064228363616965 0.07881586729005097 0.12330026308359243
1 0.23278574980360828 0.1432017813582696 0.08487496974937896 0.09085178413027988
1 0.20821754185989008 0.21596444717152002 0.09586701190385671 0.10086382096198285
1 0.5355562257995032 0.09991930212260831 0.08808178298109545 0.10509629465362354
1 0.6816181595427245 0.1029595440889262 0.08797269867214012 0.08634629465362353
1 0.7298425569852005 0.20339145456991758 0.08184996369925486 0.10785727360693613
1 0.2689919362773041 0.3257181497458862 0.09118860226293632 0.10215330517696727
1 0.520704948082965 0.5004807442442181 0.08502950585373252 0.11741428413027996
1 0.23769752624360024 0.5847445392507774 0.11619769262201593 0.10517188936371688
1 0.27549087939029937 0.10039192605424543 0.08643746974937896 0.0909427893919517
1 0.4166471445156098 0.06565915223554777 0.09266928903121965 0.08818181043863908
1 0.15295734923787419 0.11434176301300529 0.1006272347764936 0.11363683674699834
1 0.17519089754067196 0.0430050893072471 0.09413179508134392 0.07108531570031094
1 0.2395650741536146 0.7715087918816133 0.09285109621281204 0.11943181043863901
1 0.24442931527481998 0.6679210602974648 0.11464428298109555 0.10664338410204496
1 0.22349971261910023 0.8291469866340588 0.09110678903121974 0.08809080517696728
1 0.4454792517485158 0.8600384837914614 0.09430451190385654 0.10077281570031076
1 0.3413957397464633 0.8235178838902835 0.09891019867214013 0.08698333148532633
1 0.5805900499531178 0.8600979389260764 0.10210792154477702 0.09966534200867017
1 0.706907110257968 0.825281865121496 0.08652837334017516 0.1065677893919517
1 0.6518196344584648 0.7533466809629814 0.08809996369925485 0.10822129465362344
1 0.603472517168414 0.6318210204819901 0.09894656010845856 0.0932333314853265
1 0.6912043213249441 0.6767610651356135 0.07863406010845857 0.09205026308359247
1 0.29485253785286936 0.8778189760401279 0.10205337939029935 0.09029034200867017