1 0.25645926952261267 0.5347885566776581 0.25530948491686284 0.2740744551604493
1 0.5627642638226295 0.6713627539621998 0.25577937848024546 0.2585770009180838
1 0.7789184135901983 0.445437338060603 0.24793402749150992 0.2796867263722767
1 0.5154896981190736 0.43729090077800103 0.25079694753799586 0.23175940940281486
1 0.4243283746218477 0.145422651985949 0.22634325075630457 0.23753117728066225
1 0.6459520023457885 0.14465660381241852 0.23622099530842303 0.20105154334173858
1 0.8825614917021267 0.1655422860940506 0.17862701659574648 0.19945735030926076
1 0.12455833154299764 0.27495168682355997 0.23201409654926022 0.25197631455356595
1 0.1680095026747646 0.7884239975841041 0.24662289976756893 0.2609367263722767
1 0.4693809785374496 0.8719529432016557 0.26039046882531947 0.2356496839486219
1 0.8091208217325152 0.8674715768507154 0.2853904688253195 0.23769041607077454
1 0.10161858623457465 0.9474329804551627 0.2032371724691493 0.10513403908967475
1 0.08117967214017316 0.5587528598521585 0.16235934428034632 0.26387053667377885
1 0.4383476799338434 0.3044946341081016 0.23375155917039336 0.21017145182646946
1 0.7903593860986886 0.7087982074556592 0.2816534636295394 0.2731177330402364
1 0.3088312446289929 0.8195619115288467 0.22812427204362812 0.24078372303829668
1 0.6057940899177454 0.949456963495399 0.2284741972858944 0.10108607300920198
1 0.2695834383085911 0.9358095674285039 0.2258955005042031 0.1283808651429922
1 0.7530275389683506 0.3325388542714605 0.23386081981405518 0.21173395182646945