1 0.5133696969684669 0.551740136379945 0.1577792797373263 0.15717400512049745
1 0.37065433174874746 0.6968643786286115 0.14165631275401314 0.17648544724210707
1 0.41843781377006606 0.8655457601704079 0.1821175384437536 0.17572658404557515
1 0.7066737189038772 0.7179930098880591 0.13434177973732647 0.15580892619541978
1 0.8659159220923804 0.7693265386860799 0.1247144742194024 0.1801718893637169
1 0.7015326017635938 0.17404558881313692 0.13770579715018094 0.1902749314570916
1 0.6867784622336149 0.3235072625188951 0.1447680246489437 0.23586044724210725
1 0.9222036278828757 0.23830332281635985 0.155050427407906 0.22399748407381015
1 0.8446772506773685 0.49782326500855667 0.14567542740790565 0.223451452503779
1 0.7077028731331773 0.5295675467197621 0.18334584577069996 0.19916408404557534
1 0.5717709379233553 0.3136933757860142 0.1319471200809595 0.1992859104104042
1 0.4820522614199607 0.11764585744074989 0.15160452283992143 0.18796897881213828
1 0.428546560379164 0.34507363645053224 0.17109815128862388 0.17352704721387235
1 0.2845575429663095 0.30241715763839394 0.12290631275401323 0.17539338410204497
1 0.1366500667107421 0.49708637357870133 0.18137390999505124 0.1912605787839034
1 0.14849937075832803 0.648876386732881 0.17495349163225696 0.2173680524755442
1 0.26989301390635156 0.6022050550357929 0.12906778154634874 0.20379139988706055
1 0.41459468226914586 0.5841515470021108 0.08772572930778502 0.09857327886860787
1 0.6467841417892272 0.8087475415286776 0.11369508706427264 0.17797235253201366
1 0.9355972029055899 0.4286931043863909 0.1288055941888203 0.18733194198043535
1 0.27823122060135785 0.09253392342340952 0.14396244120271567 0.16104245776545087
1 0.20087418249628844 0.14722215244730927 0.13638231456303548 0.22446792093374796
1 0.11202080167273673 0.3095030735928187 0.13860655585660825 0.2074624314570917
1 0.1428612816578904 0.8533895814853265 0.15908283016686778 0.21177049985882554
1 0.3005509509251958 0.8602373629141834 0.1622144742194024 0.18235601564384113
1 0.9325368981786056 0.9286446351351142 0.1349262036427888 0.14271072972977167