1 0.4322697213713068 0.22811364960471187 0.20449553667377884 0.2000741366622937
1 0.2463165037930218 0.15041504188161328 0.1862237687959313 0.2238910682605597
1 0.8320939913751861 0.35403546765351 0.18938071970431664 0.20541408404557523
1 0.9304682987171613 0.42069859386304725 0.1390634025656773 0.2077200366905286
1 0.28859895395250135 0.3635898760683629 0.2071420466757184 0.25154563140062186
1 0.5389806886597277 0.6495328942724529 0.20666381455356592 0.22663663666229378
1 0.401081431242862 0.8366626259977756 0.1799420757634536 0.16598756299888784
1 0.3463943180567236 0.719179723409292 0.1840874418245299 0.17866957352223167
1 0.8235468783582258 0.7065388413733856 0.16709138939893542 0.14191302616718496
1 0.2323005118381075 0.5406991366622937 0.1454714809142046 0.14376395250377919
1 0.09781407047261961 0.48388144731269433 0.13032471303635715 0.16776289462538863
1 0.5677109507876994 0.8300394416274995 0.17474439273291545 0.15946454721387227