1 0.49635789364001626 0.47421875 0.16879076708875881 0.1625
1 0.6226118197416906 0.296875 0.1537113363682309 0.18125
1 0.5607747124572701 0.13984375 0.19433633636823106 0.18125
1 0.2897023798499627 0.35390625 0.14526233887551349 0.159375
1 0.1284155388628782 0.3390625 0.13661476458147637 0.184375
1 0.34662804895851507 0.89453125 0.15095004922121244 0.19375
1 0.34715454935422646 0.7421875 0.16164350831327018 0.2390625
1 0.12279574386480785 0.88125 0.17070025956691146 0.228125
1 0.1745928907370224 0.6046875 0.16127979546028878 0.2265625
1 0.30690293705524097 0.54140625 0.19658079796757127 0.2046875
1 0.460935904527076 0.725 0.14648986975432585 0.2015625
1 0.567517210478713 0.9015625 0.16662051332783517 0.1953125
1 0.5987374328986059 0.6609375 0.18335337226160836 0.1796875
1 0.7445583982588697 0.6703125 0.13643290815498582 0.178125
1 0.8715086578257812 0.4421875 0.1947909774344577 0.196875
1 0.8461629800082473 0.29296875 0.1908309031404208 0.221875
1 0.7307221849436699 0.3671875 0.14510922618081673 0.2078125
1 0.5901366373718101 0.41953125 0.09514266693047428 0.1015625
1 0.34040472499368235 0.24921875 0.12714883636823107 0.18125
1 0.08597300844628422 0.696875 0.1539841210079671 0.190625
1 0.7711877797581852 0.8828125 0.1551374440483629 0.1765625
1 0.8414070030360079 0.80546875 0.15195025956691133 0.228125
1 0.9107888035108616 0.62265625 0.1483251543940618 0.2109375
1 0.8323147433360824 0.09765625 0.17287051332783535 0.1953125
1 0.6762776920032989 0.1171875 0.17420569279472176 0.1875
1 0.059778165281121634 0.175 0.11955633056224327 0.190625