1 0.3765238433566598 0.16443795539764108 0.08705155933798814 0.07892663354437941
1 0.6681147344289456 0.4209928661264161 0.08333456348717298 0.07102320533113407
1 0.16757640247093336 0.7512656686463339 0.08511055103961844 0.09446070533113407
1 0.3135833676270692 0.3058047529695009 0.08896925684847723 0.08365959765100203
1 0.5435487518508778 0.6452236394833812 0.07767655933798814 0.07865384890464337
1 0.5507981024802222 0.3643828164429853 0.0751435551888033 0.08637542069139795
1 0.49670444356179677 0.2552638807078925 0.09955155933798814 0.07929034639736088
1 0.25480740579492567 0.5670976056350678 0.0900348493799445 0.09772209765100222
1 0.6453732062098442 0.5565128289793976 0.09988344606059663 0.10424488229073817
1 0.5536439570350368 0.7486070522572204 0.09171574855010753 0.09933006175762493
1 0.4600016234266392 0.6881900409744492 0.11153134108157463 0.113938131037097