1 0.47300620849378416 0.6527848097389735 0.13296058320625015 0.150452131123531
1 0.2251869575438536 0.6450477777948943 0.140373039703264 0.13385662697434614
1 0.5185986507418401 0.2687524292401424 0.1567981267092362 0.16941561867597638
1 0.5800069697960414 0.34442601284854 0.13001742116215292 0.15802783278320492
1 0.5945474741644443 0.06688688899769349 0.15029355357097227 0.13377377799538698
1 0.48324629825263876 0.08659666036831781 0.14477090539458343 0.17319332073663563
1 0.9155847131465276 0.1333878887739789 0.16286628875333342 0.16207671535662843
1 0.8215683822213883 0.755051246452293 0.1294355397032639 0.13302783278320493
1 0.6964391360211104 0.8705955813100905 0.11046733415618064 0.12223204274124874
1 0.9325091482732981 0.578972153296126 0.09400718597979178 0.15217965186945542
1 0.2832222355636108 0.396550155594433 0.12398562670923621 0.1669292361025528
1 0.04336291460954837 0.6430862265547832 0.08672582921909675 0.1607025468904336
1 0.13134026576756944 0.027733913692310104 0.16231946846486114 0.05546782738462021
1 0.3803816441892355 0.7120549111935104 0.1339775693385418 0.12713303029369402
1 0.40923530243361056 0.611604625300739 0.14309799620027785 0.11690592531467221