1 0.42235162008353033 0.8288297524323367 0.140211126022532 0.14924779788867965
1 0.5382290211788869 0.7590139046230874 0.1130121285298145 0.12690914772652384
1 0.7589015708623178 0.6410526574624612 0.12234166442319179 0.12551028896022592
1 0.44424437430667235 0.4809513599808186 0.12032452335696497 0.10985801542127546
1 0.6450232757977405 0.5648838494275118 0.11982441818411545 0.09267051542127547
1 0.2662390462517116 0.5356274030015296 0.08158027210332382 0.12011367694751698
1 0.5849135237526765 0.2702338226421507 0.10438127461060631 0.09864778003177203
1 0.3412400801000248 0.24177403733537278 0.08728470282385156 0.10147277110331832
1 0.26223454169936505 0.2638205868489054 0.09215405925034226 0.10780459172016936
1 0.475817320070895 0.3315786513766765 0.08728470282385156 0.10147277110331832
1 0.751462177751027 0.33170493100141146 0.0969324874635877 0.11101141233702042
1 0.7963524435861447 0.5058379062446452 0.14684155925034226 0.10875916558343128
1 0.5227437958560002 0.38783833400623635 0.10272784639736088 0.09549550649282175
1 0.2564117536944167 0.43941092207625304 0.10198370031656916 0.12359323295387145
1 0.731563551728495 0.1845571956119081 0.1103584899708702 0.08938187418757346
1 0.538725463182186 0.6418945884704632 0.1274383413827959 0.13965460957707682
1 0.3327709798752333 0.6484507313290184 0.13158027210332382 0.12098643019392803