1 0.71271554133444 0.23511126277721917 0.24871211443337096 0.30623404844057556
1 0.34323555367294123 0.3101655898867068 0.24230142812846153 0.32779071345960364
1 0.2158558235695815 0.5226257806088974 0.2465488371354751 0.29679538144438117
1 0.09447428593576924 0.4590155612549758 0.1889485718715385 0.29759387749004845
1 0.275813923504983 0.1299965647150169 0.23274715299003396 0.2599931294300338
1 0.9202777174603167 0.2305498022833651 0.14342383713547519 0.29259335969555134
1 0.7829419964562557 0.44029882848081925 0.24805078038021477 0.32023288144438117
1 0.5512728894241403 0.529218042929006 0.24073892812846154 0.3277270464634093
1 0.32033496761720026 0.6188866738790956 0.24925233497600674 0.33898288144438116
1 0.1109685202057947 0.7600077168824637 0.2219370404115894 0.3240927104938539
1 0.06895504935400455 0.6137494822055028 0.1379100987080091 0.2787510355889943
1 0.32062965454041864 0.8331574209133461 0.2708875030823189 0.3118128863872968
1 0.6061456523809503 0.7794461946021611 0.2338881508305656 0.31809737847863173
1 0.4791313718438518 0.7308561387843928 0.2892369848837216 0.30632689034162974
1 0.6956260618493892 0.63554234429815 0.2669218938907353 0.27424921939110264
1 0.8545190029346607 0.5636143116749053 0.2320858189368778 0.28997237847863155
1 0.76261689544112 0.8182646609903331 0.24186133713547503 0.296604380455798
1 0.6507899190383881 0.9217809332334547 0.17974566162790725 0.10550453657757757
1 0.4483355475083032 0.9074332262368227 0.2373369185677376 0.15304538144438098
1 0.5586857826965668 0.08589840758606371 0.1794033050572171 0.17179681517212742
1 0.43274504395533375 0.1267972981562487 0.23254689389073527 0.2535945963124974
1 0.12519335980989255 0.14996155482918513 0.19700991208933255 0.277634204562355
1 0.19375598781838238 0.29599695501946555 0.19064119370616517 0.2025705375661606