1 0.2527374480891532 0.7439853246498871 0.22281295762427655 0.2939812481379732
1 0.6147207795744797 0.6289552142297516 0.21324053654935432 0.316909325888232
1 0.7196035135777026 0.40669276241050606 0.2207044260542455 0.2845334735308672
1 0.8728958425733676 0.4501965516999203 0.2128919260542453 0.28416960049533807
1 0.7030644008046937 0.8110527766785296 0.20765839448421436 0.2745762766740206
1 0.05082966872643502 0.7772302799837894 0.10165933745287004 0.2830394400324213
1 0.15882636632147804 0.5504601106295325 0.2189445049793232 0.30782542431665566
1 0.3820202135918201 0.43721944024181825 0.21176904181102615 0.31839905128112633
1 0.6036970634929981 0.3232702944612099 0.2185650733810572 0.3280651497095498
1 0.8008968291368392 0.16137595430495416 0.19917803654935434 0.31625435442427946
1 0.8937606213713882 0.29261949214662636 0.18845336817585512 0.2658904813887502
1 0.5792185211878618 0.1311621470234626 0.24468795762427648 0.2623242940469252
1 0.2985607844126285 0.19801785318593437 0.20644450497932318 0.30724322745980875
1 0.4322231528708323 0.2307489623677248 0.2646364365775892 0.2896961625298314
1 0.2251170371846388 0.3486942493808275 0.24562883134415214 0.25764564185166694
1 0.0879564843561588 0.43611297435943686 0.1759129687123176 0.2777740512811263
1 0.13696313175355773 0.17671654962849648 0.2175794260542454 0.2843879243166556
1 0.23335155531814156 0.054173769644707125 0.16767188936371688 0.10834753928941425
1 0.4404815158556027 0.061707979736120334 0.22528696828879458 0.12341595947224067
1 0.42520544033781976 0.8863247202256076 0.16368161035393455 0.1883819114963739
1 0.5469586139729907 0.8292313500855624 0.2099643471291678 0.26065932588823204
1 0.8523510402389978 0.762805713610579 0.1731013839608707 0.26985023531769164
1 0.7675272611586282 0.6272920527333776 0.17480112087727823 0.1920163337461151